9 9 9 9 9 9 9 9 9 9 9 9 9 9 0]
                             ]
9 8 0 0 0 0 0 0 0 0 0 0 8 9 0]
                             ]
9 0 9 9 9 9 9 9 9 9 9 9 0 9 0]
                             ]
9 0 9 8 0 0 0 8 0 0 8 9 0 9 0]
                             ]
9 0 9 0 9 9 9 0 9 9 0 9 0 9 0]
                             ]
9 0 9 0 9 0 0 8 0 0 8 0 8 9 0]
                             ]
9 0 9 0 9 9 9 9 9 9 9 9 8 9 0]
                             ]
9 0 9 0 0 0 8 0 0 0 0 0 8 0 0]
                             ]
9 0 9 8 0 8 0 0 0 8 0 0 0 0 0]
                             ]
9 0 9 0 0 0 8 0 0 0 8 0 0 0 0]
                             ]
9 0 9 0 0 8 0 0 0 8 0 0 0 0 0]
                        *    ]
9 0 9 8 0 0 8 0 0 0 8 1-5-1 0]
  *                   |   |  ]
1-2-1-1 0 0 0 0 0 0 0 1 0 1 0]
|     |               |   |  ]
1-6 3-1 9 0 9 0 9 0 9 1-4-1 0]
                             ]
0 0 0 0 0 0 0 0 0 0 0 0 0 0 0]