0 0 0 0 0 0 0 0 0 0 0 0 0 0 0]
                             ]
0 0 0 0 0 0 0 0 0 0 0 0 0 0 0]
                             ]
<<<<<<< HEAD
0 0 0 1-1-1-4-1-1-9-1 7 1 0 0]
      |                 |    ]
0 0 0 1 0 0 0 0 7 1-1-1-1 0 0]
                        |    ]
0 0 0 7 1-1-1-4-1-1-1 7 1 0 0]
              |         |    ]
0 0 0 7 1-9-1-1-1-1-1 7 1 0 0]
              |         |    ]
0 0 0 1 0 0 0 1 0 0 0 1-1 0 0]
      |       |              ]
0 0 0 1 0 0 0 1-6 3-1 7 0 0 0]
      |       |              ]
0 0 0 1 7 1-4-1 0 0 0 1 0 0 0]
              |       |      ]
0 0 0 7 1-1-1-1 7 1-9-1 0 0 0]
                      |      ]
0 0 0 4 0 7 0 0 1 0 0 1 0 0 0]
      |         |     |      ]
0 0 0 1-1 7 1-9-1-4-1-1 0 0 0]
=======
0 4-1 7 1 7 1-4-1 7 7 1-4 0 0]
  |                     |    ]
0 1 0 0 7 7 0 0 0 7 7 0 1 0 0]
>>>>>>> PowerUP
                             ]
0 7 7 7 7 0 0 0 0 0 7 7 7 0 0]
                             ]
0 1 0 7 0 0 0 4-1 7 7 7 7 0 0]
              |              ]
0 7 7 0 0 0 0 1 0 0 0 0 1 0 0]
                             ]
0 0 7 7 7 7 1 7 1 7 1 7 7 0 0]
                             ]
0 0 1 7 7 0 0 0 0 0 7 0 7 0 0]
    |                        ]
0 0 1 0 7-1-6 3-1 7 7 0 1 0 0]
    |                   |    ]
0 0 1 0 0 0 0 0 0 0 0 0 1 0 0]
    |                   |    ]
0 0 1-1-1-1-1 0 0 0 0 0 7 0 0]
            |                ]
0 0 0 0 0 0 1-4-1-1 7 7 7 0 0]
                             ]
0 0 0 0 0 0 0 0 0 0 0 0 0 0 0]
                             ]
0 0 0 0 0 0 0 0 0 0 0 0 0 0 0]

